
# Camera Parameters
camera_matrix: [1.029400161280125e+03,                     0,    9.664506322964825e+02,
                                    0, 1.027375790529578e+03,    5.167522911909302e+02,
                                    0,                     0,                        1]

dist_coeffs: [-0.347232420188613, 0.125180577570735, 0, 0, -0.022131410691649]

rotation_vector:  [1.0,    0.0,    0.0,
                   0.0,    1.0,    0.0,
                   0.0,    0.0,    1.0]

translation_vector: [0.0,    0.0,    0.0]

#ExtrinsicMat: !!opencv-matrix
ExtrinsicMat:
  rows: 4
  cols: 4
  dt: d
  data: [0.0,   -1.0,   0.0,    0.0,
         0.0,  0.0,  -1.0,    0.0,
         1.0,   0.0,    0.0,    0.0,
         0.0,   0.0,    0.0,    1.0]

xi: [0.0]
