camera_matrix: [515.9292387863355, 0.0, 965.8213413628232, 0.0, 515.0441204574777,
  539.7776598799205, 0.0, 0.0, 1.0]
dist_coeffs: [0.09291223137079213, 0.0723864190952888, -0.10281400356539067, 0.03148829574586615]
