camera_matrix: [571, 0, 335.3769836425781, 0, 571, 235.7864227294922, 0, 0, 1]
dist_coeffs: [0, 0, 0, 0, 0]
transform_matrix: [0.008925492536736024, -0.9998776537108356, -0.01284574609320116, 0.04974400794635829, -0.3130037522727247, 0.009407111420638437, -0.9497053002473528, 1.005595461638703, 0.9497099486928477, 0.01249735429737114, -0.3128814943223625, -0.2450629151319691, 0, 0, 0, 1]
camera_points:
  - [247.982, 286.9463]
  - [460.5707, 284.8592]
  - [528.5144, 417.4285]
  - [196.7722, 419.8076]
  - [154.7531, 203.8957]
  - [293.7146, 201.2657]
  - [279.2332, 248.8296]
  - [101.9885, 251.5777]
  - [403.3188, 200.5153]
  - [543.097, 199.0596]
  - [602.0956, 246.7674]
  - [421.6966, 247.3344]
  - [242.3878, 152.3454]
  - [145.0281, 152.6789]
  - [394.8794, 150.4138]
  - [297.8263, 151.5618]
  - [550.8668, 147.6059]
  - [451.6235, 149.7676]
world_points:
  - [2.742, 0.445, -0.07]
  - [2.75, -0.455, -0.07]
  - [1.852, -0.452, -0.07]
  - [1.845, 0.444, -0.07]
  - [4.141, 1.253, -0.07]
  - [4.144, 0.352, -0.07]
  - [3.245, 0.35, -0.07]
  - [3.242, 1.254, -0.07]
  - [4.15, -0.352, -0.07]
  - [4.147, -1.252, -0.07]
  - [3.25, -1.248, -0.07]
  - [3.25, -0.347, -0.07]
  - [6.033, 1.015, -0.07]
  - [6.033, 1.915, -0.07]
  - [6.033, -0.45, -0.07]
  - [6.033, 0.445, -0.07]
  - [6.033, -1.92, -0.07]
  - [6.033, -1.02, -0.07]
sr_matrix: [7.230566367343889e-31, 3.969833383007832e-17, 0.01178026739732225, -1.306219684469783e-25, -4.139644428021653e-144, 3.306536194173561]